0.23524306
0.34114583
0.38454861
0.41666667
0.45312500
0.48350694
0.49218750
0.50520833
0.51128472
0.53906250
0.57118056
0.55902778
0.57465278
0.59201389
0.60677083
0.61458333
0.59982639
0.61024306
0.63454861
0.61892361
0.64930556
0.65190972
0.64670139
0.67187500
0.67013889
0.66406250
0.68836806
0.68663194
0.68402778
0.68142361
0.70746528
0.68836806
0.71006944
0.70312500
0.70399306
0.70920139
0.73177083
0.71267361
0.72569444
0.73697917
0.72048611
0.72916667
0.74305556
0.74131944
0.73697917
0.74826389
0.74913194
0.76128472
0.75868056
0.76128472
0.75954861
0.78385417
0.77604167
0.79861111
0.78993056
0.79861111
0.78385417
0.79079861
0.79340278
0.79774306
0.78732639
0.78559028
0.80121528
0.81510417
0.80989583
0.82812500
0.81423611
0.80729167
0.82378472
0.82552083
0.81163194
0.79947917
0.81770833
0.82552083
0.82378472
0.82291667
0.82291667
0.84375000
0.82725694
0.85850694
0.85503472
0.83940972
0.84548611
0.84461806
0.83854167
0.85069444
0.85416667
0.86284722
0.85763889
0.86631944
0.85156250
0.86545139
0.85156250
0.86197917
0.85243056
0.87934028
0.85243056
0.88194444
0.89322917
0.87239583
0.88715278
0.87673611
0.88020833
0.88020833
0.89149306
0.88888889
0.88802083
0.88107639
0.86979167
0.89409722
0.88541667
0.89496528
0.89670139
0.88975694
0.88802083
0.88802083
0.89062500
0.90277778
0.91753472
0.89149306
0.89670139
0.91493056
0.88107639
0.91493056
0.90017361
0.89583333
0.88802083
0.90104167
0.91145833
0.92274306
0.89409722
0.90277778
0.91579861
0.91145833
0.90538194
0.90972222
0.89409722
0.92100694
0.92013889
0.90277778
0.91666667
0.90538194
0.92534722
0.90885417
0.90798611
0.91406250
0.93142361
0.92013889
0.92881944
0.92708333
0.92361111
0.93750000
0.92274306
0.90711806
0.93402778
0.92968750
0.93750000
0.93315972
0.92534722
0.92708333
0.93055556
0.93663194
0.92100694
0.93750000
0.93836806
0.94704861
0.92361111
0.92968750
0.93836806
0.93750000
0.93055556
0.94791667
0.92534722
0.93836806
0.93836806
0.94184028
0.95225694
0.93229167
0.93836806
0.94531250
0.94097222
0.93663194
0.94878472
0.94184028
0.94444444
0.92708333
0.94357639
0.93663194
0.94010417
0.94531250
0.92447917
0.94531250
0.94618056
0.94097222
0.95138889
0.94618056
0.93576389
0.94270833
0.94531250
0.94010417
0.95138889
0.94878472
0.95659722
0.95225694
0.95312500
0.94357639
0.94184028
0.94357639
0.94444444
0.95138889
0.95399306
0.95833333
0.95746528
0.94357639
0.95225694
0.95138889
0.95052083
0.95572917
0.94531250
0.95659722
0.93836806
0.95833333
0.95659722
0.94878472
0.95746528
0.96006944
0.94097222
0.94965278
0.95052083
0.95399306
0.96527778
0.95399306
0.95920139
0.95920139
0.95833333
0.94704861
0.95312500
0.96267361
0.95486111
0.96701389
0.95486111
0.97048611
0.96093750
0.95399306
0.95833333
0.95833333
0.96180556
0.95486111
0.96267361
0.96527778
0.96440972
0.96961806
0.95659722
0.95572917
0.95833333
0.95920139
0.96527778
0.95659722
0.95138889
0.96006944
0.95746528
0.96614583
0.98263889
0.97309028
0.96527778
0.96440972
0.97656250
0.96701389
0.96354167
0.97222222
0.96267361
0.96875000
0.96354167
0.96267361
0.96093750
0.96440972
0.96961806
0.96614583
0.97048611
0.97569444
0.96961806
0.96440972
0.96267361
0.97482639
0.96701389
0.97656250
0.96614583
0.96875000
0.96701389
0.97048611
0.97656250
0.96354167
0.96006944
0.96961806
0.97309028
0.96961806
0.97569444
0.97569444
0.96440972
0.96701389
0.96701389
0.97135417
0.96788194
0.96875000
0.97395833
0.97135417
0.97222222
0.97309028
0.97222222
0.96875000
0.96788194
0.97222222
0.97482639
0.96788194
0.96701389
0.97222222
0.98090278
0.96701389
0.97569444
0.97135417
0.97916667
0.97395833
0.96701389
0.97222222
0.96701389
0.97743056
0.97569444
0.97395833
0.96875000
0.97309028
0.97569444
0.97829861
0.97222222
0.97916667
0.97829861
0.97656250
0.96527778
0.98524306
0.97395833
0.97135417
0.98437500
0.97222222
0.96961806
0.98090278
0.98003472
0.97656250
0.97135417
0.97743056
0.97482639
0.96527778
0.98437500
0.97569444
0.96788194
0.98177083
0.97482639
0.97743056
0.97656250
0.97222222
0.97569444
0.97569444
0.97482639
0.98263889
0.98177083
0.97482639
0.97222222
0.97569444
0.98524306
0.97916667
0.98263889
0.98090278
0.97135417
0.97395833
0.97309028
0.97743056
0.97569444
0.97395833
0.97482639
0.96961806
0.98090278
0.98697917
0.97569444
0.97569444
0.97829861
0.98437500
0.98003472
0.98437500
0.97916667
0.97656250
0.97743056
0.97222222
0.97309028
0.97395833
0.97482639
0.97569444
0.97656250
0.97569444
0.97569444
0.97656250
0.98524306
0.97743056
0.98090278
0.97829861
0.98090278
0.98263889
0.98437500
0.97309028
0.97829861
0.98350694
0.97916667
0.98003472
0.98437500
0.98177083
0.97656250
0.98263889
0.98697917
0.98350694
0.97743056
0.97656250
0.97569444
0.97656250
0.98350694
0.98263889
0.97309028
0.97656250
0.98784722
0.98524306
0.97916667
0.98263889
0.97743056
0.98003472
0.98003472
0.98524306
0.97482639
0.98697917
0.98611111
0.97916667
0.98177083
0.98090278
0.98350694
0.98958333
0.97743056
0.97656250
0.98003472
0.98784722
0.98524306
0.99218750
0.98263889
0.97829861
0.98177083
0.97829861
0.98350694
0.98090278
0.98177083
0.98350694
0.98784722
0.98177083
0.98090278
0.98003472
0.98090278
0.98611111
0.97743056
0.97482639
0.97656250
0.98437500
0.98611111
0.99045139
0.98003472
0.97743056
0.98350694
0.98177083
0.98784722
0.98437500
0.98958333
0.98437500
0.98958333
0.98437500
0.98524306
0.98350694
0.98177083
0.98958333
0.97829861
0.98350694
0.98611111
0.98090278
0.98784722
0.98611111
0.98524306
0.98611111
0.98611111
0.98350694
0.98958333
0.98697917
0.98871528
0.98090278
0.98697917
0.98524306
0.98784722
0.98524306
0.98090278
0.98003472
0.97829861
0.98177083
0.98871528
0.98177083
0.98784722
0.98784722
0.99218750
0.98437500
0.98784722
0.98871528
0.99045139
0.99045139
0.98524306
0.98524306
0.98524306
0.98437500
0.98263889
0.98524306
0.98611111
0.98697917
0.98871528
0.98784722
0.98611111
0.98871528
0.98697917
0.98958333
0.99131944
0.98437500
0.98958333
0.98263889
0.99565972
0.98784722
0.98611111
0.98350694
0.98524306
0.98003472
0.98003472
0.98090278
0.98958333
0.98871528
0.98437500
0.99045139
0.98784722
0.98871528
0.98784722
0.98177083
0.98090278
0.98437500
0.98958333
0.98350694
0.98697917
0.98871528
0.99131944
0.98611111
0.98524306
0.98784722
0.98524306
0.98958333
0.99131944
0.98350694
0.98177083
0.99479167
0.98611111
0.98697917
0.98958333
0.98697917
0.99131944
0.98697917
0.98090278
0.99045139
0.98958333
0.98784722
0.99218750
0.99045139
0.98697917
0.98263889
0.98350694
0.98958333
0.98437500
0.98784722
0.99045139
0.98784722
0.99218750
0.98784722
0.98611111
0.98871528
0.98350694
0.98697917
0.98697917
0.98524306
0.98697917
0.98177083
0.98177083
0.98350694
0.99218750
0.98697917
0.98871528
0.98958333
0.98958333
0.99131944
0.98697917
0.99305556
0.98437500
0.98524306
0.98871528
0.98437500
0.98697917
0.98784722
0.99218750
0.99045139
0.99131944
0.98784722
0.98871528
0.99045139
0.98697917
0.98958333
0.98784722
0.98697917
0.99218750
0.98871528
0.99045139
0.99131944
0.99131944
0.99045139
0.99392361
0.99045139
0.98958333
0.99392361
0.99218750
0.98524306
0.98524306
0.99045139
0.98871528
0.98697917
0.99045139
0.99045139
0.98350694
0.99045139
0.98697917
0.99045139
0.99218750
0.99218750
0.99131944
0.99392361
0.99305556
0.98784722
0.99218750
0.99045139
0.98784722
0.99218750
0.98871528
0.99218750
0.99045139
0.99305556
0.98871528
0.99131944
0.98784722
0.98524306
0.99305556
0.99218750
0.99218750
0.98784722
0.99218750
0.99045139
0.99305556
0.98871528
0.99131944
0.98958333
0.98437500
0.99218750
0.99045139
0.99479167
0.99392361
0.98871528
0.98697917
0.98871528
0.98958333
0.99218750
0.99305556
0.99479167
0.99392361
0.98697917
0.99131944
0.98784722
0.99131944
0.99045139
0.99305556
0.98784722
0.98784722
0.98524306
0.98350694
0.98697917
0.98958333
0.99131944
0.98958333
0.99131944
0.99305556
0.98871528
0.99131944
0.99305556
0.99218750
0.99479167
0.98871528
0.99305556
0.99218750
0.99218750
0.99131944
0.99131944
0.99218750
0.99305556
0.99479167
0.99392361
0.98784722
0.98263889
0.99218750
0.98871528
0.98958333
0.99218750
0.99392361
0.99218750
0.99045139
0.99218750
0.99479167
0.99131944
0.98871528
0.99305556
0.99131944
0.98871528
0.99479167
0.99392361
0.99392361
0.99479167
0.98784722
0.99305556
0.99565972
0.99305556
0.99392361
0.99392361
0.98524306
0.99392361
0.99218750
0.99392361
0.99392361
0.98871528
0.99218750
0.99305556
0.99218750
0.99131944
0.98784722
0.99131944
0.98958333
0.99305556
0.99131944
0.99565972
0.99131944
0.99305556
0.99218750
0.99131944
0.99218750
0.99131944
0.99045139
0.99218750
0.98871528
0.99565972
0.99131944
0.99131944
0.99305556
0.99479167
0.99045139
0.98697917
0.98958333
0.99045139
0.99392361
0.99392361
0.99479167
0.99479167
0.99305556
0.99392361
0.99218750
0.99045139
0.99479167
0.99305556
0.99218750
0.98871528
0.99479167
0.99479167
0.99218750
0.99826389
0.99131944
0.99652778
0.99479167
0.99565972
0.99652778
0.99652778
0.99565972
0.99045139
0.99565972
0.99565972
0.99218750
0.99218750
0.98871528
0.99652778
0.99305556
0.99218750
0.99479167
0.99131944
0.99565972
0.99131944
0.99045139
0.99218750
0.99565972
0.99305556
0.99045139
0.99652778
0.99045139
0.99305556
0.99131944
0.99131944
0.99218750
0.99218750
0.99218750
0.98958333
0.98958333
0.99479167
0.99305556
0.99131944
0.99739583
0.99479167
0.99305556
0.99305556
0.99218750
0.99565972
0.99045139
0.98958333
0.99131944
0.99131944
0.99652778
0.99218750
0.99131944
0.99652778
0.99479167
0.99392361
0.99392361
0.99045139
0.99826389
0.99131944
0.99045139
0.99305556
0.99218750
0.99392361
0.99479167
0.99305556
0.99218750
0.98350694
0.98958333
0.99652778
0.99045139
0.98958333
0.99218750
0.98958333
0.98958333
0.99131944
0.99479167
0.98871528
0.99305556
0.99652778
0.99305556
0.99045139
0.99565972
0.99218750
0.99218750
0.99305556
0.99565972
0.99218750
0.99305556
0.99218750
0.99218750
0.99826389
0.99392361
0.99131944
0.99479167
0.98784722
0.99913194
0.98958333
0.99218750
0.99131944
0.99479167
0.99218750
0.99218750
0.99392361
0.99392361
0.99305556
0.99045139
0.99218750
0.99652778
0.99739583
0.99652778
0.99218750
0.99131944
0.99479167
0.99218750
0.99131944
0.99739583
0.98871528
0.99392361
0.99218750
0.99045139
0.99739583
0.99739583
0.99739583
0.99392361
0.99392361
0.99479167
0.99565972
0.99479167
0.99131944
0.99392361
0.99826389
0.99479167
0.99565972
0.99739583
0.99131944
0.99218750
0.99392361
0.99392361
0.99218750
0.99565972
0.99218750
0.99305556
0.99565972
0.99392361
0.99045139
0.99826389
0.99218750
0.99305556
0.99479167
0.99565972
0.99565972
0.99479167
0.99479167
0.99218750
0.99565972
0.99479167
0.99652778
0.99392361
0.99392361
0.99305556
0.99045139
0.99045139
0.99392361
0.99479167
0.99392361
0.99652778
0.99652778
0.99565972
0.99305556
0.99305556
0.99218750
0.99131944
0.99392361
0.99305556
0.99826389
0.99131944
0.99739583
0.99305556
0.99131944
0.99565972
0.99131944
0.99826389
0.99392361
0.99218750
0.99218750
0.99392361
0.99826389
0.99392361
0.99739583
0.99479167
0.99392361
0.99218750
0.99739583
0.99652778
0.99392361
0.99479167
0.98958333
0.99218750
0.99652778
0.99392361
0.99305556
0.99913194
0.99218750
0.99913194
0.99392361
0.99392361
0.99826389
0.99652778
0.99565972
0.99218750
0.99218750
0.99565972
0.99218750
0.99305556
0.99305556
0.99565972
0.99913194
0.99305556
0.99392361
0.99652778
0.99565972
0.99392361
0.99913194
0.99565972
0.99218750
0.99739583
0.99392361
0.99218750
0.99565972
0.99479167
0.99479167
0.99479167
0.99565972
0.99652778
0.99652778
0.99392361
0.99739583
0.99305556
0.99652778
0.99392361
0.99565972
0.99479167
0.98958333
0.99392361
0.99392361
0.99392361
0.99218750
0.99652778
0.99826389
0.99652778
0.99479167
0.99739583
0.99218750
0.99739583
0.99565972
0.99131944
0.99392361
0.99565972
0.99652778
0.99652778
0.99131944
0.99652778
0.99392361
0.99392361
0.98784722
0.99392361
0.99565972
0.99218750
0.99305556
0.99479167
0.99565972
0.99479167
0.99565972
0.99565972
0.99392361
0.99652778
0.99479167
0.99739583
0.99218750
0.99652778
0.99565972
0.99392361
0.99565972
0.99652778
0.99565972
0.99565972
0.99218750
0.99739583
0.99652778
0.99479167
0.99392361
0.99652778
0.99479167
0.99565972
0.99826389
0.99392361
0.99652778
0.99479167
0.99479167
0.99565972
0.99826389
0.99739583
0.99218750
0.99565972
0.99913194
0.99392361
0.99565972
0.99565972
0.99479167
0.99479167
0.99652778
0.99652778
0.99479167
0.99652778
0.99045139
0.99826389
0.99305556
0.99739583
0.99739583
0.99652778
0.99305556
0.99739583
0.99739583
0.99218750
0.99479167
0.99392361
0.99305556
0.99826389
0.99565972
0.99479167
0.99131944
0.99305556
0.99218750
0.99565972
0.99392361
0.99826389
0.99652778
0.99305556
0.99479167
0.99913194
0.99305556
0.99479167
0.99739583
0.99565972
0.99479167
0.99305556
0.99131944
0.99565972
0.99652778
0.99565972
0.99652778
0.99479167
0.99739583
0.99739583
0.99565972
0.99565972
0.99392361
0.99913194
0.99479167
0.99479167
0.99131944
0.99826389
0.99826389
0.99392361
0.99652778
0.99913194
0.99479167
0.99392361
0.99131944
0.99652778
0.99565972
0.99479167
0.99392361
0.99392361
0.99826389
0.99652778
0.99826389
0.99565972
0.99131944
0.99739583
0.99652778
0.99218750
0.99565972
0.99218750
0.99913194
0.99652778
0.99392361
0.99913194
0.99652778
0.99739583
0.99218750
0.99739583
0.99479167
0.99565972
0.99479167
0.99913194
0.99652778
0.99652778
0.99739583
0.99826389
0.99392361
0.99392361
0.99826389
0.99739583
0.99479167
0.99913194
0.99652778
0.99305556
0.99652778
0.99565972
0.99565972
0.99565972
0.99652778
0.99218750
0.99392361
0.99913194
0.99218750
0.99305556
0.99913194
0.99739583
0.99652778
0.99739583
0.99739583
0.99565972
0.99826389
0.99392361
0.99913194
0.99479167
0.99826389
0.99565972
0.99305556
0.99392361
0.99826389
0.99565972
0.99565972
0.99739583
0.99218750
0.99479167
0.99652778
0.99392361
0.99652778
0.99652778
0.99652778
0.99652778
0.99218750
0.99565972
0.99565972
0.99565972
0.99565972
0.99652778
0.99392361
0.99305556
0.99392361
0.99305556
0.99218750
0.99565972
0.99739583
0.99739583
0.99218750
0.99739583
0.99479167
0.99392361
0.99218750
0.99565972
0.99652778
0.99652778
0.99392361
0.99652778
0.99565972
0.99479167
0.99739583
0.99739583
0.99218750
0.99479167
0.99479167
0.99305556
0.99652778
0.99305556
0.99652778
0.99479167
0.99652778
0.99045139
0.99565972
0.99565972
0.99305556
0.99826389
0.99565972
0.99218750
0.99739583
0.99913194
0.99826389
0.99913194
0.99305556
0.99652778
0.99652778
0.99218750
0.99565972
0.99739583
0.99479167
0.99826389
0.99652778
0.99652778
0.99218750
1.00000000
0.99739583
0.99045139
0.99392361
0.99652778
0.99652778
0.99565972
0.99652778
0.99218750
0.99479167
0.99305556
0.99479167
0.99739583
0.99392361
0.99739583
0.99913194
0.99739583
0.99392361
0.99479167
0.99652778
0.99652778
0.99826389
0.99479167
0.99305556
0.99392361
0.99479167
0.99392361
0.99479167
0.99479167
0.99826389
0.99392361
0.99305556
0.99739583
0.99739583
1.00000000
0.99739583
0.99739583
0.99652778
0.99739583
0.99826389
0.99913194
0.99826389
0.99652778
0.99739583
0.99739583
0.99652778
0.99479167
0.99565972
0.99565972
0.99826389
0.99392361
0.99392361
0.99826389
0.99218750
0.99739583
0.99479167
0.99826389
0.99739583
0.99479167
0.99652778
0.99565972
0.99826389
0.99652778
0.99565972
0.99479167
0.99565972
0.99652778
0.99392361
0.99565972
0.99131944
0.99826389
0.99565972
0.99565972
0.99739583
0.99565972
0.99826389
1.00000000
0.99218750
0.99479167
0.99565972
0.99652778
0.99739583
0.99826389
0.99739583
0.99479167
0.99652778
0.99479167
0.99652778
0.99479167
0.99739583
0.99479167
0.99392361
0.99652778
0.99826389
0.99739583
0.99565972
0.99392361
0.99479167
0.99652778
0.99392361
0.99305556
0.99392361
0.99479167
0.99479167
0.99913194
0.99479167
0.99392361
0.99131944
0.99826389
0.99479167
0.99826389
0.99652778
0.99739583
0.99739583
0.99739583
0.99739583
0.99652778
0.99479167
0.99652778
0.99565972
0.99218750
0.99479167
0.99392361
0.99826389
0.99565972
0.99826389
0.99479167
0.99565972
0.99565972
0.99479167
0.99826389
0.99565972
0.99565972
0.99739583
0.99305556
0.99739583
0.99565972
0.99392361
0.99826389
0.99479167
0.99739583
0.99392361
1.00000000
0.99565972
0.99739583
0.99826389
1.00000000
0.99739583
0.99392361
0.99565972
0.99913194
0.99479167
0.99739583
0.99305556
0.99392361
0.99392361
0.99739583
0.99913194
0.99652778
0.99652778
0.99739583
0.99565972
0.99305556
0.99652778
0.99565972
0.99565972
0.99652778
0.99913194
0.99652778
0.99131944
0.99652778
0.99826389
0.99652778
0.99739583
0.99131944
0.99565972
0.99565972
0.99131944
0.99479167
0.99826389
0.99565972
0.99652778
0.99652778
0.99739583
0.99392361
0.99739583
0.99913194
0.99739583
0.99565972
0.99131944
0.99218750
0.99652778
0.99479167
0.99565972
0.99565972
0.99739583
0.99565972
0.99565972
0.99305556
0.99305556
0.99565972
0.99739583
0.99739583
0.99652778
0.99826389
0.99479167
0.99739583
0.99218750
0.99739583
0.99565972
0.99305556
0.99913194
0.99479167
0.99739583
0.99652778
0.99652778
0.99652778
0.99652778
0.99392361
0.99565972
0.99565972
0.99305556
0.99913194
0.99826389
0.99652778
0.99652778
0.99739583
0.99565972
0.99565972
0.99479167
0.99479167
0.99565972
0.99739583
0.99826389
0.99565972
0.99739583
0.99739583
0.99479167
0.99739583
0.99652778
0.99826389
0.99565972
0.99218750
0.99652778
0.99652778
0.99739583
0.99652778
0.99913194
0.99913194
0.99739583
0.99652778
0.99392361
0.99652778
0.99479167
0.99652778
0.99739583
0.99652778
0.99652778
0.99652778
0.99652778
0.99652778
0.99652778
0.99392361
0.99479167
0.99392361
0.99045139
0.99565972
0.99826389
0.99739583
0.99565972
0.99652778
0.99652778
0.99913194
0.99913194
0.99652778
0.99739583
0.99739583
0.99913194
0.99913194
0.99826389
0.99565972
0.99652778
0.99392361
0.99739583
0.99826389
0.99652778
0.99826389
0.99479167
0.99652778
0.99913194
0.99826389
0.99826389
0.99739583
0.99652778
0.99739583
0.99652778
0.99565972
0.99826389
0.99913194
0.99479167
0.99913194
1.00000000
0.99739583
0.99652778
0.99739583
0.99913194
0.99739583
0.99305556
0.99565972
0.99739583
1.00000000
0.99392361
0.99565972
0.99652778
0.99479167
0.99392361
0.99652778
0.99652778
0.99913194
0.99913194
0.99565972
0.99652778
0.99913194
0.99739583
0.99479167
0.99652778
0.99913194
0.99652778
0.99652778
0.99826389
0.99479167
0.99479167
0.99565972
0.99739583
0.99739583
0.99565972
0.99826389
0.99826389
0.99652778
1.00000000
0.99652778
0.99739583
0.99652778
0.99913194
0.99565972
0.99913194
0.99739583
0.99652778
0.99565972
0.99826389
0.99392361
0.99826389
0.99652778
0.99826389
0.99479167
0.99739583
0.99479167
0.99652778
0.99913194
0.99392361
0.99392361
1.00000000
0.99479167
0.99652778
0.99652778
0.99392361
0.99565972
0.99652778
0.99913194
0.99479167
0.99652778
0.99479167
0.99392361
0.99739583
0.99826389
0.99652778
0.99826389
0.99913194
0.99913194
0.99305556
0.99826389
0.99565972
0.99305556
0.99565972
1.00000000
0.99913194
0.99826389
1.00000000
0.99826389
0.99652778
0.99739583
0.99652778
0.99913194
0.99913194
0.99565972
0.99913194
0.99739583
0.99479167
0.99479167
0.99739583
0.99479167
0.99218750
0.99913194
0.99652778
0.99913194
0.99652778
0.99392361
0.99479167
0.99565972
0.99913194
0.99218750
0.99826389
0.99565972
0.99131944
0.99565972
0.99392361
0.99479167
0.99913194
0.99913194
0.99565972
0.99479167
0.99913194
0.99565972
0.99565972
0.99739583
0.99739583
0.99652778
0.99131944
1.00000000
0.99305556
0.99826389
0.99652778
0.99392361
0.99652778
0.99479167
1.00000000
0.99565972
0.99565972
0.99739583
0.99826389
0.99392361
0.99739583
0.99218750
0.99392361
0.99479167
0.99739583
0.99826389
0.99739583
0.99479167
0.99565972
0.99479167
0.99826389
0.99565972
0.99565972
0.99218750
0.99739583
0.99826389
0.99565972
0.99652778
0.99826389
0.99739583
0.99826389
0.99826389
0.99826389
1.00000000
0.99739583
0.99739583
0.99479167
0.99826389
0.99739583
0.99826389
0.99652778
0.99739583
1.00000000
0.99652778
1.00000000
0.99739583
0.99305556
0.99739583
0.99652778
0.99739583
0.99739583
0.99218750
0.99305556
0.99739583
0.99479167
0.99739583
0.99652778
0.99739583
0.99826389
0.99131944
0.99826389
0.99392361
0.99392361
0.99392361
0.99826389
0.99565972
0.99045139
0.99652778
0.99392361
0.99305556
0.99479167
0.99913194
0.99826389
0.99739583
0.99479167
0.99652778
0.99652778
0.99218750
0.99565972
0.99565972
0.99739583
0.99392361
0.99305556
0.99565972
0.99652778
0.99652778
0.99392361
0.99826389
0.99739583
0.99652778
0.99305556
0.99652778
0.99565972
0.99739583
0.99565972
0.99739583
0.99565972
0.99652778
0.99652778
0.99652778
1.00000000
0.99652778
0.99565972
0.99652778
0.99826389
0.99565972
0.99565972
1.00000000
0.99565972
0.99652778
0.99565972
0.99826389
0.99739583
0.99826389
0.99913194
0.99565972
0.99652778
0.99739583
0.99652778
0.99565972
0.99826389
0.99913194
0.99826389
0.99131944
0.99652778
0.99913194
0.99652778
0.99826389
0.99565972
1.00000000
0.99479167
0.99131944
0.99305556
0.99305556
0.99739583
0.99739583
0.99826389
0.99652778
0.99565972
0.99479167
0.99826389
0.99826389
0.99826389
0.99479167
0.99739583
0.99479167
0.99826389
0.99479167
0.99652778
0.99913194
0.99913194
0.99826389
0.99739583
0.99479167
0.99652778
0.99652778
0.99392361
0.99479167
0.99479167
0.99479167
0.99913194
0.99218750
0.99652778
0.99565972
0.99565972
0.99826389
0.99826389
0.99218750
0.99218750
0.99826389
0.99479167
0.99392361
0.99652778
0.99392361
0.99913194
0.99218750
0.99565972
0.99479167
0.99479167
0.99652778
1.00000000
0.99739583
0.99652778
0.99565972
0.99739583
0.99305556
0.99218750
0.99739583
0.99739583
0.99652778
0.99826389
0.99305556
0.99826389
0.99739583
0.99739583
1.00000000
0.99826389
0.99826389
0.99739583
0.99826389
0.99739583
0.99392361
0.99826389
0.99565972
0.99652778
0.99479167
0.99479167
0.99305556
0.99392361
0.99131944
0.99652778
0.99739583
0.99739583
0.99739583
0.99565972
0.99652778
0.99913194
1.00000000
0.99739583
0.99826389
0.99913194
0.99913194
0.99739583
0.99913194
0.99826389
0.99826389
0.99565972
0.99479167
0.99913194
0.99826389
0.99826389
0.99826389
0.99826389
0.99739583
0.99131944
0.99826389
0.99739583
0.99652778
0.99913194
0.99652778
0.99739583
0.99652778
0.99652778
0.99652778
0.99392361
0.99565972
0.99392361
0.99565972
0.99739583
0.99652778
0.99565972
0.99739583
0.99392361
0.99392361
0.99565972
0.99826389
0.98871528
0.99565972
0.99479167
0.99913194
0.99565972
0.99479167
0.99826389
0.99826389
0.99392361
0.99826389
0.99739583
0.99652778
0.99913194
0.99565972
0.99652778
0.99479167
0.99479167
0.99565972
0.99826389
0.99565972
0.99652778
0.99565972
0.99739583
0.99739583
0.99652778
0.99479167
0.99479167
0.99305556
0.99652778
0.99826389
0.99565972
0.99479167
0.99565972
0.99826389
0.99479167
0.99565972
0.99652778
0.99479167
0.99826389
0.99739583
0.99739583
0.99826389
0.99218750
0.99826389
0.99652778
0.99826389
0.99652778
0.99739583
0.99913194
0.99739583
0.99652778
0.99913194
0.99826389
0.99305556
0.99652778
0.99913194
0.99131944
0.99479167
0.99913194
0.99913194
0.99913194
0.99739583
0.99652778
0.99826389
0.99913194
0.99479167
0.99652778
0.99826389
0.99652778
0.99826389
0.99826389
0.99913194
0.99826389
0.99913194
0.99826389
0.99826389
0.99826389
0.99826389
0.99652778
0.99739583
0.99479167
0.99739583
1.00000000
0.99739583
0.99652778
0.99652778
0.99826389
0.99565972
0.99826389
0.99565972
0.99652778
0.99479167
0.99826389
0.99479167
0.99826389
0.99565972
0.99565972
0.99479167
0.99826389
0.99565972
0.99045139
0.99652778
0.99305556
0.99739583
0.99479167
0.99739583
0.99739583
0.99305556
0.99565972
0.99913194
0.99652778
0.99479167
0.99739583
0.99565972
0.99739583
0.99826389
0.99739583
0.99739583
0.99479167
0.99392361
0.99739583
0.99652778
0.99913194
0.99913194
0.99913194
0.99739583
0.99652778
0.99826389
0.99565972
0.99913194
0.99826389
0.99739583
0.99913194
0.99479167
0.99652778
0.99913194
0.99913194
0.99826389
0.99565972
0.99826389
0.99479167
0.99565972
0.99826389
0.99826389
0.99218750
0.99652778
0.99652778
0.99826389
0.99913194
1.00000000
0.99305556
0.99479167
0.99739583
0.99565972
0.99565972
0.99131944
0.99739583
0.99739583
0.99826389
0.99913194
0.99652778
0.99479167
0.99913194
0.99392361
0.99392361
0.99652778
0.99913194
0.99652778
0.99826389
0.99392361
0.99565972
0.99565972
0.99913194
0.99739583
0.99479167
0.99652778
0.99565972
0.99826389
0.99565972
0.99739583
0.99739583
0.99739583
0.99913194
0.99739583
0.99826389
0.99479167
0.99652778
0.99739583
0.99913194
0.99739583
0.99826389
0.99479167
0.99652778
0.99652778
0.99479167
0.99305556
0.99826389
0.99652778
0.99652778
0.99826389
0.99826389
0.99392361
0.99739583
0.99652778
0.99739583
0.99392361
0.99826389
0.99739583
0.99826389
0.99826389
0.99739583
0.99826389
0.99652778
0.99826389
0.99392361
1.00000000
0.99913194
0.99652778
0.99739583
0.99913194
0.99652778
0.99479167
0.99739583
0.99479167
0.99739583
0.99392361
0.99826389
0.99826389
0.99739583
0.99479167
0.99392361
0.99045139
0.99913194
0.99913194
0.99565972
0.99739583
0.99565972
0.99913194
0.99565972
0.99652778
0.99739583
0.99739583
0.99826389
0.99565972
0.99913194
0.99565972
0.99739583
0.99913194
0.99739583
0.99739583
0.99739583
0.99652778
0.99652778
0.99565972
0.99739583
0.99739583
0.99565972
0.99826389
0.99913194
0.99739583
0.99479167
0.99826389
0.99479167
0.99305556
0.99305556
0.99739583
0.99913194
0.99479167
0.99826389
0.99913194
0.99305556
0.99565972
0.99739583
0.99739583
0.99652778
0.99652778
0.99913194
0.99479167
0.99826389
0.99913194
0.99739583
0.99913194
0.99739583
0.99392361
0.99479167
0.99826389
0.99739583
0.99913194
0.99479167
0.99652778
0.99826389
0.99826389
0.99652778
0.99565972
0.99739583
0.99739583
0.99739583
0.99479167
0.99739583
0.99652778
0.99565972
0.99565972
0.99739583
0.99826389
0.99565972
0.99392361
0.99305556
0.99479167
0.99305556
0.99739583
1.00000000
0.99913194
0.99826389
0.99652778
0.99739583
0.99305556
0.99826389
0.99652778
0.99652778
0.99739583
0.99913194
0.99392361
0.99652778
1.00000000
0.99739583
0.99652778
0.99739583
0.99739583
0.99739583
0.99739583
0.99739583
0.99826389
0.99652778
0.99913194
0.99913194
0.99652778
0.99826389
0.99652778
0.99652778
0.99652778
0.99826389
0.99652778
0.99652778
0.99652778
0.99565972
0.99652778
0.99739583
0.99826389
0.99392361
0.99652778
0.99913194
0.99652778
0.99739583
0.99739583
0.99305556
0.99565972
1.00000000
0.99739583
0.99913194
0.99913194
0.99826389
0.99565972
0.99652778
0.99565972
0.99652778
0.99565972
0.99392361
0.99305556
1.00000000
0.99479167
0.99392361
0.99565972
0.99565972
0.99479167
0.99739583
0.99479167
0.99045139
0.99392361
0.99565972
0.99739583
0.99392361
0.99479167
0.99826389
0.99652778
0.99739583
0.99913194
0.99652778
0.99826389
0.99479167
0.99131944
0.99479167
0.99479167
1.00000000
0.99913194
0.99913194
0.99826389
0.99565972
0.99218750
0.99826389
0.99479167
0.99739583
0.99565972
0.99739583
0.99739583
0.99913194
1.00000000
0.99652778
0.99652778
0.99131944
0.99479167
0.99739583
0.99826389
0.99479167
0.99652778
0.99392361
0.99565972
0.99565972
0.99392361
0.99913194
0.99913194
0.99739583
0.99479167
0.99479167
0.99479167
0.99565972
0.99479167
0.99739583
0.99826389
0.99826389
0.99913194
0.99565972
0.99652778
0.99479167
0.99739583
0.99305556
0.99652778
0.99913194
0.99739583
0.99739583
0.99652778
0.99826389
1.00000000
0.99479167
0.99479167
0.99826389
0.99652778
0.99565972
0.99826389
1.00000000
0.99826389
0.99479167
0.99565972
0.99305556
0.99392361
0.99565972
0.99913194
0.99739583
0.99565972
0.99739583
0.99652778
0.99826389
0.99565972
0.99565972
0.99826389
0.99565972
0.99652778
0.99826389
0.99565972
0.99565972
0.99565972
0.99479167
0.99826389
0.99826389
0.99305556
0.99739583
0.99739583
0.99913194
1.00000000
0.99652778
0.99739583
0.99739583
0.99826389
0.99913194
0.99826389
0.99826389
0.99652778
0.99479167
0.99826389
0.99652778
0.99739583
0.99218750
0.99392361
0.99392361
0.99826389
0.99739583
0.99739583
0.99045139
0.99305556
0.99305556
1.00000000
0.99565972
0.99739583
0.99652778
0.99826389
0.99652778
0.99826389
0.99739583
0.99479167
0.99565972
0.99913194
0.99826389
0.99739583
0.99652778
0.99305556
0.99739583
0.99826389
0.99652778
0.99392361
0.99826389
0.99739583
0.99739583
0.99652778
0.99826389
0.99739583
0.99652778
0.99826389
1.00000000
0.99739583
0.99913194
0.99913194
0.99739583
1.00000000
0.99479167
0.99479167
0.99652778
0.99826389
0.99739583
0.99826389
0.99913194
0.99565972
0.99652778
0.99479167
0.99739583
0.99739583
0.99826389
0.99826389
0.99739583
0.99392361
0.99826389
0.99739583
0.99739583
0.99739583
0.99739583
0.99739583
0.99565972
0.99826389
0.99652778
0.99565972
0.99218750
0.99565972
0.99826389
0.99652778
0.99652778
0.99652778
0.99479167
0.99479167
0.99305556
0.99739583
0.99218750
0.99826389
0.99565972
0.99913194
0.99565972
0.99739583
0.99826389
0.99913194
0.99739583
0.99565972
0.99652778
0.99392361
0.99739583
0.99739583
0.99826389
0.99739583
0.99565972
0.99305556
0.99826389
0.99826389
0.99652778
1.00000000
0.99739583
0.99739583
0.99913194
0.99565972
0.99913194
0.99305556
0.99305556
0.99305556
0.99739583
0.99826389
0.99652778
0.99565972
0.99826389
0.99826389
0.99392361
0.99739583
0.99739583
0.99739583
0.99739583
0.99913194
0.99913194
0.99739583
0.99652778
0.99565972
0.99652778
0.99652778
0.99826389
0.99479167
0.99913194
0.99826389
0.99826389
0.99826389
0.99913194
0.99913194
0.99826389
0.99826389
0.99479167
0.99565972
1.00000000
0.99652778
0.99739583
0.99739583
0.99652778
0.99565972
0.99565972
0.99565972
0.99826389
0.99652778
0.99565972
0.99131944
0.99739583
0.99479167
0.99739583
0.99652778
0.99652778
0.99479167
0.99305556
0.99913194
0.99565972
0.99826389
0.99826389
0.99826389
0.99652778
0.99826389
0.99739583
0.99913194
0.99739583
0.99913194
0.99565972
0.99826389
0.99739583
0.99739583
0.99479167
1.00000000
0.99739583
0.99739583
0.99913194
0.99652778
0.99565972
0.99652778
0.99826389
0.99913194
0.99826389
0.99392361
0.99913194
0.99392361
0.99565972
0.99739583
0.99652778
0.99739583
0.99913194
0.99565972
0.99479167
0.99826389
0.99826389
1.00000000
0.99739583
0.99913194
0.99826389
0.99739583
0.99826389
0.99652778
0.99913194
0.99739583
0.99913194
0.99739583
0.99305556
0.99913194
0.99565972
0.99392361
0.99826389
0.99826389
0.99565972
0.99479167
0.99913194
0.99913194
0.99826389
0.99826389
0.99739583
0.99826389
0.99305556
0.99392361
0.99826389
0.99739583
0.99652778
0.99739583
0.99739583
0.99739583
0.99479167
0.99739583
0.99913194
0.99652778
0.99739583
0.99826389
0.99392361
0.99913194
0.99913194
0.99826389
0.99739583
0.99565972
0.99652778
0.99739583
0.99913194
0.99913194
0.99565972
1.00000000
1.00000000
1.00000000
0.99913194
0.99652778
0.99913194
0.99913194
0.99652778
0.99739583
0.99826389
0.99739583
0.99739583
0.99826389
0.99826389
0.99913194
0.99739583
0.99652778
0.99652778
0.99739583
0.99739583
0.99913194
0.99739583
0.99913194
0.99913194
0.99565972
0.99826389
0.99826389
0.99826389
0.99826389
1.00000000
0.99739583
0.99652778
1.00000000
0.99652778
0.99652778
0.99652778
0.99565972
0.99565972
0.99826389
0.99739583
0.99565972
0.99652778
0.99739583
0.99826389
0.99739583
0.99826389
0.99913194
0.99479167
1.00000000
0.99565972
0.99826389
0.99739583
0.99392361
0.99826389
0.99826389
1.00000000
0.99652778
0.99913194
0.99826389
0.99913194
1.00000000
0.99218750
0.99565972
0.99826389
1.00000000
0.99739583
0.99652778
0.99826389
0.99565972
0.99479167
0.99392361
0.99652778
0.99565972
0.99565972
0.99652778
0.99826389
0.99739583
0.99913194
0.99739583
0.99305556
0.99913194
0.99826389
0.99739583
0.99565972
0.99739583
0.99826389
0.99739583
0.99565972
1.00000000
0.99739583
1.00000000
0.99652778
0.99565972
0.99479167
0.99565972
0.99565972
0.99565972
0.99479167
0.99392361
0.99739583
0.99565972
0.99479167
0.99652778
0.99218750
0.99392361
0.99305556
0.99826389
0.99392361
0.99826389
0.99392361
1.00000000
0.99826389
0.99826389
0.99826389
0.99826389
0.99826389
0.99392361
0.99652778
0.99652778
0.99739583
0.99739583
0.99739583
1.00000000
0.99739583
0.99479167
0.99652778
0.99305556
0.99479167
0.99826389
0.99826389
0.99652778
0.99913194
0.99826389
0.99739583
1.00000000
0.99739583
0.99739583
0.99218750
0.99305556
0.99739583
0.99479167
0.99739583
0.99392361
1.00000000
0.99305556
0.99913194
0.99739583
0.99479167
0.99305556
0.99913194
0.99826389
0.99739583
0.99913194
0.99826389
0.99739583
0.99739583
0.99826389
0.99652778
0.99826389
0.99479167
0.99739583
0.99565972
0.99479167
0.99913194
0.99826389
0.99826389
0.99826389
0.99826389
0.99739583
0.99913194
0.99739583
0.99565972
0.99739583
0.99565972
0.99739583
0.99913194
0.99652778
0.99913194
0.99913194
1.00000000
0.99479167
0.99739583
0.99565972
0.99826389
0.99652778
0.99652778
0.99565972
0.99652778
0.99739583
0.99826389
0.99826389
0.99565972
0.99739583
0.99739583
0.99739583
0.99739583
0.99652778
0.99913194
0.99826389
0.99913194
0.99826389
0.99392361
0.99652778
0.99913194
0.99652778
0.99826389
0.99565972
0.99913194
0.99652778
0.99479167
0.99826389
0.99913194
0.99913194
0.99913194
0.99652778
0.99565972
0.99305556
1.00000000
1.00000000
0.99826389
0.99739583
0.99652778
1.00000000
0.99565972
0.99565972
0.99739583
0.99739583
0.99739583
0.99739583
0.99826389
0.99652778
0.99826389
0.99826389
0.99392361
0.99305556
0.99479167
0.99565972
0.99913194
0.99739583
0.99739583
0.99652778
0.99739583
0.99652778
0.99739583
1.00000000
0.99479167
0.99739583
0.99392361
0.99045139
0.99652778
0.99652778
0.99218750
0.99565972
0.99652778
0.99565972
0.99565972
0.99739583
0.99913194
0.99305556
0.99131944
0.99652778
0.99913194
0.99739583
0.99652778
0.99913194
0.99652778
0.99826389
0.99565972
0.99392361
0.99565972
0.99826389
0.99913194
0.99913194
0.99739583
0.99739583
0.99479167
1.00000000
0.99913194
0.99652778
0.99826389
0.99826389
0.99652778
0.99218750
0.99739583
0.99739583
0.99652778
1.00000000
0.99652778
0.99913194
0.99826389
0.99652778
0.99652778
0.99652778
0.99392361
0.99826389
0.99913194
0.99739583
0.99739583
0.99913194
0.99739583
0.99565972
0.99739583
0.99913194
0.99826389
0.99739583
0.99739583
0.99739583
0.99826389
0.99305556
0.99739583
0.99826389
0.99826389
0.99565972
0.99739583
0.99913194
0.99826389
0.99565972
0.99826389
0.99652778
0.99913194
0.99565972
0.99479167
0.99565972
0.99652778
0.99652778
0.99913194
0.99913194
0.99565972
0.99565972
0.99565972
0.99826389
0.99565972
0.99652778
0.99565972
0.99739583
0.99826389
0.99652778
0.99739583
0.99739583
0.99305556
0.99652778
0.99652778
0.99826389
0.99913194
0.99913194
0.99913194
1.00000000
0.99652778
1.00000000
0.99652778
0.99913194
0.99565972
0.99913194
0.99652778
0.99913194
0.99913194
0.99479167
0.99826389
0.99739583
0.99826389
0.99652778
0.99652778
0.99565972
0.99392361
0.99652778
0.99652778
0.99218750
0.99479167
0.99565972
0.99652778
0.99826389
0.99826389
0.99565972
0.99739583
0.99826389
0.99652778
0.99913194
1.00000000
0.99652778
1.00000000
0.99652778
0.99218750
0.99826389
0.99913194
0.99652778
0.99739583
0.99739583
0.99739583
0.99913194
0.99826389
0.99565972
0.99565972
0.99479167
0.99913194
0.99652778
0.99652778
0.99565972
0.99565972
0.99826389
0.99652778
0.99652778
0.99826389
0.99826389
0.99913194
0.99913194
0.99739583
0.99652778
0.99913194
0.99652778
0.99913194
0.99913194
0.99739583
0.99826389
0.99305556
0.99565972
0.99652778
0.99826389
1.00000000
0.99739583
1.00000000
0.99826389
0.99739583
0.99652778
0.99739583
0.99652778
0.99739583
0.99652778
0.99392361
0.99826389
0.99218750
0.99826389
0.99913194
0.99913194
0.99739583
1.00000000
0.99565972
0.99739583
0.99739583
0.99826389
0.99652778
0.99826389
0.99913194
0.99479167
0.99826389
0.99652778
0.99826389
0.99652778
0.99739583
0.99652778
0.99913194
0.99739583
1.00000000
0.99826389
0.99826389
0.99652778
0.99739583
0.99826389
0.99739583
0.99913194
0.99479167
0.99565972
0.99479167
1.00000000
0.99652778
0.99392361
0.99739583
0.99739583
1.00000000
0.99652778
0.99652778
0.99739583
0.99826389
0.99652778
0.99652778
1.00000000
0.99913194
0.99565972
0.99218750
0.99479167
0.99826389
1.00000000
1.00000000
0.99739583
0.99652778
0.99392361
0.99913194
0.99565972
0.99652778
0.99652778
0.99565972
0.99913194
0.99826389
0.99739583
0.99826389
0.99913194
0.99826389
0.99565972
0.99565972
0.99826389
0.99826389
0.99913194
0.99826389
0.99826389
0.99913194
0.99479167
0.99652778
0.99826389
0.99826389
0.99913194
0.99826389
0.99392361
0.99739583
0.99826389
0.99479167
0.99739583
0.99479167
0.99652778
0.99913194
0.99739583
0.99826389
0.99913194
0.99826389
0.99826389
0.99479167
0.99826389
0.99826389
0.99826389
0.99913194
0.99131944
0.99565972
0.99826389
0.99565972
0.99652778
0.99826389
0.99652778
0.99913194
0.99913194
0.99565972
0.99826389
0.99565972
0.99913194
0.99565972
0.99652778
0.99739583
0.99826389
0.99565972
0.99652778
0.99565972
0.99392361
0.99652778
0.99739583
1.00000000
0.99913194
0.99826389
0.99826389
0.99826389
0.99565972
0.99479167
0.99392361
0.99479167
0.99565972
0.99739583
0.99479167
0.99392361
0.99913194
0.99913194
0.99652778
0.99913194
0.99652778
0.99218750
0.99479167
0.99739583
0.99565972
0.99479167
0.99739583
0.99392361
0.99826389
0.99826389
0.99565972
0.99652778
0.99392361
0.99652778
0.99652778
0.99913194
0.99652778
0.99565972
0.99913194
0.99739583
0.99826389
0.99652778
0.99652778
0.99392361
0.99565972
0.99826389
0.99739583
0.99739583
0.99913194
0.99652778
1.00000000
0.99392361
0.99652778
1.00000000
0.99913194
1.00000000
1.00000000
0.99739583
1.00000000
0.99739583
0.99652778
0.99652778
0.99652778
0.99826389
0.99826389
0.99739583
0.99826389
0.99826389
0.99913194
0.99826389
0.99913194
0.99913194
0.99739583
0.99826389
1.00000000
0.99826389
0.99913194
0.99652778
0.99739583
0.99565972
0.99479167
0.99826389
0.99739583
0.99826389
0.99652778
1.00000000
0.99652778
0.99565972
0.99565972
0.99913194
0.99739583
0.99739583
0.99305556
0.99652778
0.99565972
0.99652778
0.99826389
0.99913194
0.99392361
0.99739583
0.99739583
0.99565972
0.99826389
0.99826389
0.99826389
0.99826389
0.99826389
0.99913194
0.99739583
0.99652778
0.99392361
0.99913194
0.99826389
1.00000000
0.99652778
0.99826389
0.99565972
0.99739583
0.99913194
0.99826389
0.99479167
0.99913194
0.99913194
0.99479167
0.99826389
0.99652778
1.00000000
1.00000000
0.99652778
0.99652778
0.99739583
0.99913194
0.99913194
0.99826389
0.99479167
0.99826389
0.99739583
0.99826389
0.99826389
0.99739583
0.99565972
0.99652778
0.99826389
0.99565972
0.99913194
0.99565972
0.99565972
0.99739583
0.99826389
0.99565972
0.99739583
0.99826389
0.99826389
0.99739583
0.99652778
0.99305556
0.99826389
0.99652778
0.99739583
0.99652778
0.99565972
0.99913194
0.99739583
0.99739583
0.99739583
0.99826389
0.99565972
0.99739583
0.99652778
0.99826389
0.99739583
0.99565972
0.99739583
0.99826389
0.99826389
0.99652778
0.99739583
0.99739583
0.99739583
0.99565972
0.99739583
0.99826389
0.99913194
0.99739583
0.99913194
0.99652778
0.99826389
0.99913194
1.00000000
0.99826389
0.99739583
0.99826389
0.99565972
0.99565972
0.99392361
0.99826389
0.99826389
0.99739583
0.99913194
0.99826389
0.99826389
0.99565972
1.00000000
0.99392361
0.99739583
0.99739583
0.99305556
0.99565972
0.99739583
0.99652778
0.99826389
0.99652778
0.99826389
0.99913194
0.99913194
0.99739583
0.99652778
0.99826389
0.99131944
0.99913194
1.00000000
0.99826389
0.99739583
0.99913194
0.99565972
0.99913194
0.99565972
0.99739583
0.99913194
0.99652778
0.99913194
0.99739583
0.99739583
0.99392361
0.99913194
0.99913194
0.99913194
0.99826389
0.99739583
0.99565972
0.99739583
0.99826389
0.99913194
0.99652778
0.99479167
0.99913194
0.99739583
0.99913194
0.99652778
0.99479167
0.99913194
0.99305556
0.99652778
0.99739583
0.99565972
0.99739583
0.99652778
0.99392361
0.99479167
0.99913194
0.99826389
0.99739583
0.99479167
0.99565972
0.99565972
0.99565972
0.99913194
0.99913194
0.99739583
0.99479167
0.99652778
0.99739583
0.99739583
0.99913194
0.99739583
0.99739583
0.99652778
0.99739583
0.99652778
0.99826389
0.99826389
0.99392361
0.99652778
0.99739583
0.99826389
0.99739583
0.99739583
0.99826389
0.99565972
0.99392361
0.99826389
1.00000000
0.99739583
0.99826389
0.99826389
0.99479167
0.99739583
0.99652778
0.99652778
0.99305556
0.99826389
0.99479167
0.99739583
0.99479167
0.98871528
0.99913194
0.99565972
0.99565972
0.99913194
1.00000000
0.99652778
0.99652778
0.99652778
0.99739583
0.99826389
0.99913194
1.00000000
0.99826389
0.99479167
0.99565972
0.99913194
0.99826389
0.99913194
0.99913194
0.99913194
0.99565972
0.99739583
0.99652778
0.99652778
0.99479167
0.99826389
0.99652778
0.99565972
0.99739583
0.99913194
0.99652778
0.99479167
0.99826389
0.99305556
0.99479167
0.99305556
0.99652778
0.99652778
0.99739583
0.99913194
1.00000000
0.99739583
0.99652778
0.99826389
1.00000000
0.99392361
0.99913194
0.99652778
0.99826389
1.00000000
0.99565972
0.99913194
0.99652778
0.99652778
0.99739583
0.99479167
0.99652778
0.99826389
0.99652778
0.99305556
0.99739583
0.99739583
0.99913194
0.99826389
0.99913194
0.99826389
0.99565972
0.99826389
1.00000000
0.99826389
0.99826389
0.99913194
0.99565972
0.99565972
0.99739583
0.99652778
1.00000000
0.99739583
0.99565972
1.00000000
0.99826389
0.99826389
0.99565972
0.99565972
0.99739583
0.99913194
0.99913194
0.99479167
0.99739583
0.99739583
0.99739583
0.99913194
0.99565972
0.99739583
0.99739583
0.99652778
0.99826389
0.99739583
0.99739583
0.99565972
0.99565972
0.99479167
0.99826389
0.99479167
0.99913194
0.99565972
0.99652778
0.99739583
0.99739583
0.99913194
0.99826389
0.99826389
0.99739583
0.99826389
1.00000000
0.99913194
0.99565972
0.99565972
0.99565972
0.99826389
0.99739583
0.99652778
0.99826389
0.99826389
0.99826389
0.99826389
0.99392361
0.99652778
0.99652778
0.99652778
0.99305556
0.99826389
0.99479167
0.99826389
0.99913194
0.99826389
0.99479167
0.99913194
0.99305556
0.99826389
0.99739583
0.99739583
0.99565972
0.99218750
1.00000000
1.00000000
0.99913194
0.99826389
0.99913194
0.99913194
0.99826389
0.99392361
0.99826389
0.99826389
0.99913194
0.99479167
0.99652778
0.99392361
0.99826389
0.99479167
0.99565972
0.99479167
0.99913194
0.99826389
0.99652778
0.99305556
0.99739583
0.99652778
0.99392361
0.99913194
0.99739583
0.99739583
0.99826389
0.99479167
0.99913194
0.99565972
0.99826389
0.99565972
0.99479167
0.99913194
0.99826389
0.99652778
0.99479167
0.99826389
0.99652778
0.99826389
0.99913194
0.99652778
0.99479167
0.99739583
0.99739583
0.99652778
0.99826389
0.99739583
0.99826389
0.99826389
1.00000000
0.99739583
0.99652778
0.99913194
0.99652778
0.99652778
0.99739583
0.99826389
0.99739583
0.99652778
0.99913194
0.99826389
0.99652778
0.99739583
0.99218750
0.99739583
0.99305556
0.99565972
0.99913194
0.99479167
0.99826389
0.99739583
0.99652778
0.99913194
0.99652778
0.99739583
0.99826389
0.99565972
0.99913194
0.99826389
0.99739583
0.99913194
0.99913194
0.99739583
0.99826389
0.99739583
1.00000000
1.00000000
0.99913194
0.99826389
0.99826389
0.99913194
0.99913194
0.99739583
0.99565972
0.99913194
0.99826389
0.99913194
0.99739583
0.99739583
0.99652778
0.99739583
0.99739583
0.99913194
0.99826389
0.99218750
0.99652778
0.99652778
0.99739583
0.99739583
0.99826389
0.99826389
0.99826389
0.99913194
0.99565972
0.99479167
0.99565972
0.99652778
0.99218750
0.99479167
0.99479167
0.99913194
0.99652778
0.99652778
0.99739583
1.00000000
0.99913194
0.99739583
0.99739583
0.99913194
0.99913194
0.99826389
0.99826389
0.99565972
0.99913194
0.99826389
0.99392361
0.99565972
0.99565972
0.99479167
1.00000000
0.99913194
0.99913194
0.99826389
0.99739583
0.99652778
0.99913194
0.99913194
0.99739583
0.99739583
0.99913194
0.99826389
0.99565972
0.99392361
0.99652778
0.99739583
1.00000000
0.99913194
1.00000000
0.99565972
0.99479167
0.99652778
0.99826389
0.99565972
0.99913194
1.00000000
0.99826389
0.99392361
0.99565972
0.99565972
0.99826389
0.99826389
0.99826389
0.99913194
0.99652778
0.99826389
0.99652778
0.99826389
0.99652778
0.99739583
0.99826389
0.99913194
0.99652778
0.99652778
0.99826389
0.99652778
0.99652778
0.99913194
0.99565972
0.99826389
0.99826389
0.99739583
0.99565972
0.99826389
0.99652778
0.99913194
0.99826389
0.99652778
0.99913194
0.99826389
0.99913194
0.99479167
1.00000000
0.99739583
0.99739583
0.99826389
1.00000000
0.99479167
0.99826389
0.99565972
0.99913194
0.99739583
0.99739583
0.99565972
0.99739583
0.99826389
0.99826389
0.99739583
1.00000000
0.99913194
0.99739583
0.99652778
0.99652778
0.99739583
0.99739583
0.99305556
0.99739583
0.99913194
0.99826389
0.99913194
0.99913194
0.99565972
0.99826389
1.00000000
0.99913194
0.99826389
0.99652778
0.99913194
0.99826389
0.99826389
0.99826389
0.99739583
0.99565972
0.99652778
0.99739583
0.99479167
1.00000000
0.99826389
0.99565972
0.99826389
0.99826389
0.99826389
0.99652778
0.99739583
1.00000000
0.99913194
0.99479167
0.99565972
0.99739583
0.99739583
0.99913194
0.99826389
0.99913194
0.99565972
0.99739583
0.99565972
0.99826389
0.99305556
0.99479167
0.99565972
0.99739583
0.99652778
0.99479167
0.99479167
0.99913194
0.99826389
0.99826389
0.99913194
0.99652778
0.99739583
0.99739583
0.99565972
0.99826389
0.99913194
0.99913194
0.99913194
0.99479167
0.99739583
0.99739583
0.99913194
0.99652778
0.99826389
0.99826389
0.99913194
1.00000000
0.99913194
0.99913194
0.99826389
0.99739583
0.99739583
1.00000000
0.99826389
0.99392361
0.99826389
0.99739583
0.99565972
0.99652778
0.99826389
0.99479167
0.99826389
0.99565972
0.99305556
0.99739583
0.99739583
0.99652778
0.99739583
0.99826389
0.99739583
0.99739583
0.99565972
0.99913194
1.00000000
0.99652778
0.99739583
0.99739583
0.99652778
0.99565972
0.99479167
0.99565972
1.00000000
0.99652778
0.99826389
0.99565972
0.99739583
0.99305556
0.99652778
0.99826389
0.99652778
0.99739583
0.99479167
0.99565972
1.00000000
0.99826389
0.99739583
0.99913194
0.99739583
1.00000000
0.99739583
0.99565972
0.99479167
0.99565972
0.99565972
0.99739583
0.99652778
0.99652778
0.99826389
0.99826389
0.99913194
0.99479167
0.99913194
0.99826389
0.99739583
0.99392361
0.99739583
0.99739583
0.99739583
1.00000000
0.99826389
0.99826389
0.99652778
0.99826389
0.99479167
0.99565972
0.99652778
0.99739583
1.00000000
0.99739583
0.99739583
0.99913194
1.00000000
0.99826389
1.00000000
0.99826389
0.99652778
0.99305556
0.99479167
0.99479167
0.99739583
1.00000000
0.99305556
0.99826389
0.99913194
0.99913194
0.99913194
0.99739583
0.99739583
0.99826389
0.99913194
0.99913194
0.99826389
0.99913194
0.99652778
0.99739583
0.99913194
0.99479167
0.99479167
0.99392361
0.99565972
0.99652778
0.99739583
0.99913194
0.99739583
0.99652778
0.99652778
1.00000000
0.99739583
0.99913194
0.99826389
0.99392361
0.99652778
0.99826389
0.99739583
0.99913194
0.99826389
0.99913194
0.99392361
1.00000000
0.99652778
0.99739583
1.00000000
0.99565972
0.99826389
0.99826389
0.99826389
0.99913194
0.99565972
0.99565972
0.99913194
0.99652778
0.99913194
1.00000000
0.99652778
0.99826389
0.99913194
0.99739583
0.99565972
0.99913194
0.99826389
0.99913194
0.99652778
0.99652778
0.99652778
0.99913194
0.99826389
0.99913194
0.99826389
0.99565972
0.99652778
0.99652778
0.99479167
1.00000000
0.99826389
0.99565972
0.99739583
0.99565972
0.99739583
0.99479167
0.99565972
0.99479167
0.99218750
0.99652778
0.99826389
0.99565972
0.99739583
0.99826389
0.99826389
0.99826389
0.99913194
0.99826389
0.99739583
0.99652778
0.99826389
0.99739583
1.00000000
0.99739583
0.99652778
0.99739583
1.00000000
0.99826389
0.99826389
0.99826389
0.99652778
0.99652778
0.99826389
0.99826389
1.00000000
0.99826389
0.99913194
0.99739583
0.99739583
0.99826389
0.99826389
0.99739583
0.99565972
1.00000000
0.99913194
0.99565972
0.99305556
0.99652778
0.99913194
0.99392361
0.99913194
0.99826389
0.99739583
0.99565972
0.99565972
0.99739583
0.99913194
0.99826389
1.00000000
0.99913194
0.99739583
0.99913194
0.99913194
0.99913194
1.00000000
0.99826389
0.99652778
0.99826389
0.99652778
0.99826389
0.99565972
0.99913194
0.99565972
0.99565972
0.99652778
0.99305556
0.99913194
0.99826389
0.99826389
0.99913194
0.99739583
0.99739583
0.99739583
0.99652778
0.99913194
0.99739583
1.00000000
0.99652778
0.99479167
0.99565972
0.99565972
0.99652778
1.00000000
1.00000000
1.00000000
0.99913194
1.00000000
1.00000000
0.99565972
0.99739583
0.99826389
0.99913194
1.00000000
0.99479167
0.99218750
0.99565972
0.99826389
0.99565972
0.99913194
0.99565972
0.99826389
1.00000000
0.99913194
0.99652778
0.99913194
0.99652778
0.99652778
0.99739583
0.99739583
1.00000000
0.99826389
0.99565972
0.99739583
1.00000000
0.99565972
1.00000000
0.99826389
0.99913194
1.00000000
0.99652778
1.00000000
0.99739583
0.99826389
0.99739583
0.99826389
1.00000000
0.99826389
0.99826389
0.99565972
0.99826389
0.99739583
1.00000000
0.99826389
0.99826389
0.99565972
0.99652778
0.99826389
0.99652778
0.99739583
0.99652778
0.99218750
0.99479167
1.00000000
0.99739583
0.99739583
0.99826389
0.99826389
0.99739583
0.99826389
0.99739583
0.99739583
0.99652778
0.99826389
1.00000000
0.99826389
0.99739583
0.99826389
1.00000000
0.99739583
0.99652778
0.99739583
0.99131944
0.99826389
0.99739583
0.99652778
0.99826389
0.99739583
0.99826389
0.99913194
0.99826389
1.00000000
0.99479167
0.99826389
0.99913194
0.99913194
0.99826389
0.99826389
0.99913194
0.99739583
0.99826389
0.99826389
0.99218750
1.00000000
0.99826389
0.99739583
0.99652778
0.99565972
0.99826389
0.99218750
0.99739583
0.99652778
0.99739583
0.99913194
0.99913194
0.99652778
0.99913194
0.99479167
0.99565972
0.99652778
0.99565972
0.99913194
0.99565972
0.98958333
0.99739583
0.99479167
0.99913194
0.99739583
0.99739583
0.99739583
0.99913194
0.99392361
0.99218750
0.99826389
0.99565972
0.99913194
0.99826389
0.99739583
0.99826389
0.99826389
0.99826389
0.99652778
0.99826389
0.99218750
0.99045139
0.99652778
0.99565972
0.99913194
0.99565972
0.99739583
0.99913194
1.00000000
1.00000000
0.99913194
0.99739583
0.99826389
0.99913194
1.00000000
0.99739583
0.99565972
0.99739583
0.99913194
0.99826389
1.00000000
0.99565972
0.99913194
0.99479167
0.99739583
0.99652778
0.99826389
1.00000000
0.99913194
0.99652778
0.99565972
0.99479167
0.99652778
1.00000000
0.99739583
0.99826389
0.99739583
0.99739583
0.99913194
0.99739583
1.00000000
1.00000000
0.99739583
0.99826389
0.99565972
0.99479167
0.99565972
0.99826389
0.99739583
0.99826389
0.99826389
0.99913194
0.99565972
0.99565972
0.99913194
0.99739583
1.00000000
0.99652778
0.99652778
0.99652778
0.99652778
0.99652778
0.99826389
0.99826389
0.99913194
0.99565972
0.99479167
0.99739583
0.99652778
0.99913194
0.99739583
1.00000000
0.99826389
0.99565972
0.99739583
0.99739583
0.99479167
0.99826389
0.99739583
0.99739583
0.99652778
0.99913194
0.99392361
0.99392361
0.99739583
0.99826389
0.99739583
0.99392361
0.99305556
0.99392361
0.99739583
0.99652778
0.99739583
0.99392361
0.99913194
0.99652778
0.99739583
0.99739583
0.99652778
0.99913194
0.99913194
0.99826389
0.99131944
1.00000000
0.99652778
0.99826389
0.99652778
0.99826389
0.99739583
0.99826389
0.99826389
0.99565972
0.99565972
0.99739583
0.99913194
0.99565972
0.99479167
0.99652778
0.99479167
0.99479167
0.99913194
0.99826389
0.99739583
0.99913194
0.99479167
0.99739583
0.99826389
1.00000000
0.99826389
1.00000000
0.99913194
1.00000000
1.00000000
1.00000000
0.99739583
0.99826389
0.99826389
0.99913194
0.99826389
0.99565972
0.99739583
0.99913194
0.99739583
0.99826389
0.99739583
0.99739583
0.99913194
0.99739583
0.99739583
0.99826389
1.00000000
0.99739583
0.99826389
0.99479167
0.99652778
0.99913194
0.99652778
0.99652778
0.99913194
0.99652778
0.99739583
0.99565972
0.99652778
0.99826389
0.99826389
0.99739583
1.00000000
0.99739583
1.00000000
0.99565972
0.99392361
0.99739583
0.99826389
0.99826389
0.99913194
0.99913194
0.99913194
0.99826389
0.99739583
1.00000000
1.00000000
0.99565972
0.99913194
0.99826389
0.99826389
0.99652778
0.99479167
0.99479167
0.99652778
0.99565972
1.00000000
0.99826389
0.99913194
0.99652778
0.99739583
0.99913194
0.99652778
0.99739583
0.99739583
0.99218750
0.99565972
0.99305556
0.99826389
0.99913194
0.99913194
0.99739583
0.99565972
0.99652778
0.99305556
0.99913194
0.99479167
0.99826389
0.99913194
0.99739583
0.99392361
0.99392361
0.99826389
0.99913194
0.99739583
0.99826389
0.99652778
0.99652778
1.00000000
0.99739583
1.00000000
0.99739583
0.99913194
0.99565972
0.99913194
0.99739583
0.99826389
0.99826389
1.00000000
0.99652778
0.99826389
0.99826389
0.99479167
0.99913194
0.99565972
0.99826389
0.99826389
0.99652778
0.99652778
0.99479167
0.99218750
0.99305556
0.99739583
0.99826389
0.99652778
0.99826389
1.00000000
0.99913194
0.99826389
0.99913194
0.99739583
0.99652778
0.99652778
0.99652778
0.99826389
0.99739583
0.99913194
0.99305556
0.99479167
0.99826389
0.99652778
0.99392361
0.99739583
0.99913194
0.99739583
0.99913194
0.99652778
0.99913194
1.00000000
0.99479167
0.99565972
0.99652778
0.99913194
0.99739583
0.99913194
0.99826389
0.99739583
0.99913194
0.99652778
0.99305556
0.99826389
0.99739583
0.99913194
0.99739583
0.99739583
0.99913194
0.99739583
0.99739583
0.99913194
0.99913194
0.99913194
0.99565972
0.99913194
0.99739583
0.99565972
0.99479167
0.99913194
0.99652778
0.99826389
0.99739583
1.00000000
0.99913194
0.99826389
0.99826389
0.99565972
0.99826389
0.99652778
0.99739583
0.99565972
0.99392361
0.99739583
0.99565972
0.99826389
0.99652778
1.00000000
0.99652778
0.99479167
0.99913194
0.99652778
1.00000000
0.99826389
0.99739583
0.99652778
0.99826389
0.99305556
0.99913194
0.99913194
0.99739583
0.99565972
1.00000000
0.99826389
0.99913194
0.99652778
0.99826389
0.99913194
0.99652778
0.99913194
0.99913194
1.00000000
0.99565972
0.99131944
0.99826389
0.99913194
0.99392361
0.99826389
1.00000000
0.99826389
0.99479167
0.99739583
0.99652778
0.99739583
0.99305556
1.00000000
0.99739583
0.99913194
1.00000000
1.00000000
0.99739583
0.99826389
0.99479167
0.99739583
0.99826389
0.99652778
0.99652778
0.99826389
0.99826389
0.99913194
0.99739583
0.99739583
0.99826389
0.99739583
0.99739583
0.99739583
1.00000000
0.99826389
0.99739583
0.99739583
0.99739583
0.99739583
0.99913194
0.99826389
0.99826389
0.99826389
0.99913194
0.99913194
0.99739583
1.00000000
0.99913194
0.99565972
0.99739583
0.99826389
0.99913194
0.99913194
0.99652778
0.99652778
0.99826389
0.99826389
0.99479167
0.99826389
0.99826389
0.99826389
0.99826389
0.99739583
0.99739583
0.99652778
0.99565972
0.99652778
0.99913194
1.00000000
0.99826389
0.99479167
0.99913194
0.99652778
0.99913194
0.99913194
1.00000000
0.99913194
0.99565972
0.99913194
0.99913194
0.99826389
0.99913194
0.99913194
0.99826389
0.99913194
0.99826389
0.99739583
0.99826389
0.99913194
1.00000000
0.99739583
0.99565972
0.99392361
0.99739583
0.99826389
0.99826389
0.99392361
0.99652778
0.99565972
0.99739583
0.99826389
0.99913194
0.99913194
0.99652778
0.99826389
0.99913194
0.99652778
0.99739583
0.99565972
0.99652778
0.99913194
0.99913194
0.99913194
0.99913194
1.00000000
1.00000000
0.99913194
1.00000000
0.99739583
1.00000000
0.99739583
0.99652778
0.99739583
0.99826389
0.99913194
0.99479167
0.99739583
1.00000000
0.99913194
0.99652778
0.98958333
0.99392361
1.00000000
0.99739583
0.99479167
0.99826389
0.99739583
1.00000000
0.99739583
0.99913194
0.99739583
0.99652778
0.99913194
0.99826389
1.00000000
0.99913194
0.99565972
0.99913194
0.99826389
0.99826389
0.99739583
0.99739583
0.99739583
0.99913194
1.00000000
0.99826389
0.99739583
1.00000000
0.99826389
0.99826389
0.99565972
0.99826389
0.99826389
0.99739583
0.99652778
0.99826389
0.99739583
0.99739583
0.99826389
0.99479167
0.99826389
0.99913194
0.99913194
0.99652778
0.99826389
0.99739583
0.99565972
0.99565972
0.99826389
0.99479167
0.99739583
0.99392361
0.99826389
1.00000000
0.99913194
0.99739583
0.99652778
0.99479167
1.00000000
0.99913194
0.99913194
1.00000000
1.00000000
0.99913194
1.00000000
0.99392361
0.99565972
0.99913194
0.99652778
0.99392361
0.99739583
0.99913194
0.99739583
0.99826389
0.99826389
0.99565972
0.99565972
0.99739583
0.99913194
0.99652778
0.99565972
0.99826389
0.99305556
0.99739583
0.99913194
0.99739583
0.99826389
0.99826389
0.99913194
0.99565972
0.99826389
1.00000000
0.99565972
0.99739583
0.99652778
0.99826389
1.00000000
0.99739583
0.99826389
0.99652778
0.99652778
0.99565972
1.00000000
0.99913194
0.99652778
0.99739583
0.99826389
0.99913194
0.99652778
0.99565972
0.99652778
0.99739583
0.99826389
0.99739583
0.99913194
0.99913194
0.99739583
0.99913194
0.99652778
0.99826389
0.99826389
0.99826389
0.99479167
0.99826389
0.99826389
0.99826389
0.99826389
0.99826389
0.99565972
0.99913194
0.99913194
0.99913194
0.99826389
0.99913194
0.99392361
0.99826389
0.99479167
0.99652778
0.99826389
0.99739583
0.99565972
1.00000000
1.00000000
0.99565972
1.00000000
0.99913194
0.99913194
0.99565972
0.99652778
1.00000000
0.99826389
1.00000000
0.99826389
0.99826389
0.99565972
0.99739583
0.99826389
0.99739583
0.99826389
1.00000000
0.99739583
0.99565972
0.99131944
0.99479167
0.99565972
0.99826389
0.99826389
0.99913194
0.99652778
0.99826389
0.99652778
0.99913194
0.99739583
0.99826389
0.99479167
0.99392361
0.99479167
1.00000000
0.99826389
0.99218750
0.99739583
0.99652778
0.99913194
0.99739583
0.99565972
0.99913194
0.99652778
0.99392361
0.99565972
0.99739583
0.99565972
0.99826389
0.99739583
0.99826389
0.99913194
0.99913194
0.99913194
0.99913194
0.99652778
0.99913194
0.99913194
0.99565972
0.99826389
1.00000000
0.99826389
0.99565972
0.99913194
0.99826389
0.99826389
0.99913194
0.99913194
0.99913194
0.99565972
1.00000000
0.99826389
0.99479167
0.99479167
1.00000000
0.99826389
0.99565972
0.99652778
0.99913194
0.99305556
0.99218750
0.99479167
0.99479167
0.99913194
0.99652778
0.99913194
0.99913194
0.99826389
0.99826389
0.99479167
0.99913194
1.00000000
1.00000000
0.99913194
1.00000000
0.99565972
0.99913194
0.99652778
0.99826389
0.99739583
0.99739583
0.99739583
0.99913194
0.99913194
0.99826389
0.99565972
0.99479167
0.99305556
0.99305556
0.99739583
0.99565972
0.99913194
0.99826389
0.99826389
0.99565972
0.99652778
0.99392361
0.99826389
0.99652778
0.99305556
0.99739583
0.99826389
0.99392361
0.99652778
0.99652778
1.00000000
0.99739583
0.99565972
0.99913194
0.99565972
0.99826389
0.99913194
0.99739583
0.99479167
0.99739583
0.99826389
0.99652778
0.99565972
0.99652778
0.99826389
0.99913194
1.00000000
0.99739583
0.99913194
0.99652778
0.99826389
0.99913194
1.00000000
0.99826389
0.99913194
0.99826389
0.99913194
0.99565972
0.99652778
1.00000000
0.99652778
0.99913194
0.99826389
0.99913194
0.99739583
0.99652778
0.99826389
0.99652778
1.00000000
0.99565972
0.99218750
0.99565972
0.99392361
0.99739583
0.99305556
0.99652778
0.99652778
0.99739583
0.99739583
0.99826389
0.99826389
1.00000000
0.99739583
0.99652778
0.99826389
0.99479167
0.99913194
0.99652778
0.99305556
0.99826389
0.99739583
0.99913194
0.99826389
0.99652778
0.99826389
0.99565972
0.99826389
0.99392361
0.99565972
0.99739583
0.99913194
0.99565972
0.99913194
0.99479167
0.99739583
0.99739583
1.00000000
0.99739583
0.99913194
0.99913194
0.99392361
0.99739583
0.99913194
0.99739583
0.99565972
0.99913194
0.99565972
0.99739583
0.99565972
0.99913194
0.99739583
0.99913194
0.99479167
0.99479167
0.99479167
0.99739583
0.99652778
0.99913194
0.99739583
0.99305556
0.99913194
0.99913194
0.99565972
1.00000000
0.99652778
0.99739583
0.99652778
0.99479167
0.99739583
0.99826389
0.99826389
1.00000000
0.99739583
0.99739583
0.99739583
0.99739583
0.99913194
0.99479167
0.99739583
0.99826389
0.99739583
1.00000000
0.99739583
1.00000000
0.99913194
0.99739583
0.99913194
0.99826389
0.99739583
0.99913194
0.99913194
0.99739583
0.99739583
0.99739583
0.99565972
0.99826389
0.99652778
1.00000000
0.99913194
0.99739583
0.99652778
1.00000000
0.99913194
0.99739583
1.00000000
0.99913194
0.99652778
0.99565972
0.99652778
0.99739583
0.99652778
0.99826389
0.99913194
0.99826389
1.00000000
0.99826389
1.00000000
1.00000000
0.99652778
0.99739583
0.99479167
0.99826389
0.99565972
0.99652778
0.99739583
1.00000000
0.99565972
1.00000000
0.99913194
0.99826389
0.99826389
0.99739583
1.00000000
0.99913194
0.99565972
0.99739583
0.99913194
0.99739583
0.99826389
0.99739583
0.99913194
0.99826389
0.99913194
0.99913194
0.99826389
0.99913194
0.99565972
0.99652778
0.99565972
0.99218750
0.99305556
0.99392361
0.99913194
0.99739583
0.99652778
0.99131944
0.99305556
0.99565972
0.99739583
0.99913194
0.99826389
0.99652778
0.99826389
1.00000000
0.99913194
0.99826389
0.99479167
0.99739583
0.99392361
1.00000000
0.99826389
0.99479167
0.99826389
0.99826389
0.99652778
0.99739583
0.99826389
0.99826389
0.99826389
1.00000000
0.99913194
1.00000000
0.99913194
1.00000000
0.99826389
0.99913194
0.99826389
0.99739583
0.99479167
0.99826389
0.99913194
0.99565972
0.99739583
0.99826389
0.99826389
0.99826389
0.99652778
1.00000000
0.99218750
0.99565972
0.99565972
0.99826389
1.00000000
0.99739583
0.99826389
0.99565972
0.99652778
0.99305556
0.99565972
0.99739583
0.99826389
0.99826389
0.99739583
0.99565972
0.99913194
0.99826389
0.99913194
0.99739583
0.99913194
0.99739583
0.99913194
0.99913194
0.99913194
0.99913194
0.99739583
0.99739583
0.99739583
0.99739583
0.99739583
0.99739583
0.99739583
1.00000000
0.99913194
0.99913194
0.99652778
0.99826389
0.99739583
0.99739583
0.99565972
0.99739583
0.99739583
0.99826389
0.99739583
0.99739583
0.99739583
0.99826389
0.99739583
0.99565972
0.99652778
0.99652778
0.99565972
0.99826389
0.99913194
0.99913194
0.99479167
0.99826389
0.99826389
0.99913194
0.99739583
0.99739583
0.99913194
0.99739583
0.99739583
0.99913194
0.99652778
0.99739583
0.99652778
0.99565972
0.99826389
0.99826389
1.00000000
0.99739583
0.99913194
0.99739583
0.99479167
0.99739583
0.99565972
0.99565972
0.99392361
0.99565972
0.99652778
0.99913194
0.99652778
0.99739583
0.99131944
0.99826389
1.00000000
0.99565972
0.99739583
0.99826389
0.99913194
0.99739583
0.99565972
0.99913194
0.99826389
1.00000000
0.99652778
0.99652778
0.99913194
0.99739583
0.99739583
0.99739583
0.99826389
0.99652778
0.99652778
0.99565972
0.99913194
0.99739583
0.99565972
0.99913194
0.99913194
0.99739583
0.99913194
0.99913194
